1.006821906056335036e+00
9.762010521447764821e-01
9.475750009019133779e-01
9.349325429579865565e-01
9.109107507416371874e-01
8.745984444041999817e-01
8.544001336594038154e-01
8.242489700019824950e-01
8.154424352575515567e-01
7.941068084011404515e-01
7.751375700624137943e-01
7.593180115855815426e-01
7.522329119467678904e-01
7.154517266847962853e-01
7.138309027744238477e-01
6.776007666911371130e-01
6.800742913973212289e-01
6.383018161760420917e-01
6.486148873876641519e-01
6.265131059624385879e-01
6.059778466112936135e-01
5.926190133945252736e-01
5.900725787887175500e-01
5.588561348376482885e-01
5.535496599133019613e-01
5.360728451689498186e-01
5.335104123048226565e-01
4.965671735171621748e-01
5.014028955129768983e-01
4.831359631571773838e-01
4.582428030718208034e-01
4.665693087007612427e-01
4.369947771342896359e-01
4.511050772128135100e-01
4.289036318764128386e-01
4.121441852886791879e-01
3.985197386764125493e-01
3.871894239834318130e-01
3.938185587097572382e-01
3.761202770194767009e-01
3.562499286870151605e-01
3.494625574071681395e-01
3.422646772096117340e-01
3.336456322361053828e-01
3.269459920716190071e-01
3.372404219195336839e-01
3.277981484429322578e-01
3.159089326833635636e-01
3.063285434986540712e-01
2.786272185727738937e-01
2.797957932751959920e-01
2.644873809614249338e-01
2.768739516818800594e-01
2.768891910802811496e-01
2.657733488134217947e-01
2.576546911133699713e-01
2.378825810945585373e-01
2.393393542582014921e-01
2.192753706545338410e-01
2.412933810014560310e-01
2.081063494946180648e-01
2.081006503689200871e-01
2.038647477502895655e-01
2.021539649385310777e-01
1.982559173714447676e-01
1.905180177867356883e-01
2.032918644708887057e-01
1.805567048208941705e-01
1.799695818295345140e-01
1.690614908742642808e-01
1.671386552013087168e-01
1.835037310410811695e-01
1.729276572601579909e-01
1.710000741996841045e-01
1.694960140042345575e-01
1.458512731812882379e-01
1.567154660623500950e-01
1.428844731549176184e-01
1.396333124818220084e-01
1.232709579543731088e-01
1.311168514601098178e-01
1.179457879857644109e-01
1.243858356622241507e-01
1.244247973934053259e-01
1.129092859819325889e-01
1.132652000253188962e-01
1.213705502419014093e-01
1.184093092665325503e-01
1.116575507367839892e-01
1.013984355223161299e-01
9.459577841575377011e-02
1.005966095731436472e-01
9.969604074751568790e-02
9.795259690846506995e-02
9.734561102641131614e-02
9.909972200159024303e-02
7.980767311694761390e-02
7.443195065993257753e-02
8.088256093163900817e-02
9.543258322657884041e-02
8.520897583602184133e-02
8.484953368465204815e-02
8.508725584246963625e-02
8.211657202303331016e-02
6.652199310748677097e-02
8.523921411315336927e-02
6.564316630026209576e-02
7.271919976831496546e-02
7.446909879003921207e-02
7.421501059879113960e-02
5.289009309249480262e-02
5.373053352184428005e-02
4.567996811013134983e-02
6.028358267690678979e-02
7.057990864342536530e-02
4.377076507861589472e-02
4.440599492604736798e-02
6.509165871547864524e-02
4.389897556055800260e-02
6.323956919150516831e-02
5.262309481796187405e-02
5.204842856022680320e-02
3.317445614368740719e-02
3.142617205906821087e-02
3.075893641469897022e-02
3.446754967014292736e-02
5.449394173106675288e-02
5.581294251069685020e-02
5.331094828980394856e-02
2.850752073220525623e-02
4.537057374232122964e-02
3.178917831133572930e-02
3.242262096467820459e-02
2.142511592871535961e-02
4.179391151289870571e-02
3.976285978201258425e-02
2.578630525208417540e-02
2.643453346902511006e-02
2.554366024751968112e-02
4.067736607648803765e-02
3.506044954052200263e-02
2.022050806973231182e-02
4.282918587450117165e-02
1.509629761903116471e-02
2.289722241726021082e-02
1.977766437688620316e-02
1.391490938342977712e-02
1.471320531078560041e-02
1.859441715560775435e-02
1.889736778147324547e-02
3.022514168851808680e-02
3.606679421094127064e-02
1.057251988285299801e-02
1.625366488347160937e-02
3.243502314504062567e-02
2.854133902733801964e-02
2.403985984263963538e-02
2.341239991185918232e-02
2.490420245002972904e-02
3.288135927138879921e-02
3.059691704745686608e-02
6.469842991111930328e-03
9.488681031268302729e-03
6.430337487961474557e-03
1.164145770611577438e-02
9.231437463648323183e-03
1.841121707504983496e-02
1.819770002449129856e-02
2.547337934379936136e-02
2.168121006177334623e-02
9.881552302645965624e-03
7.807562606924662967e-03
2.468335839623755565e-02
2.097935931966907891e-02
8.353420282290635601e-03
2.145086044176410661e-02
1.512233207478625927e-02
2.019483675177851517e-02
7.981950834252113380e-03
2.226877896507730575e-02
1.905653071616722483e-02
2.531259810399097421e-02
1.507199821581320723e-02
2.275844735572047500e-02
1.413003535749366921e-02
1.512691373681051416e-02
4.003285474655053633e-04
2.411404548165879680e-03
7.226982732820050152e-03
2.150583744422585042e-02
1.289011735562875169e-02
5.451795089801669304e-03
2.208465288630026557e-02
1.337805544281210970e-02
3.366782205406496954e-03
2.090783891610040190e-02
1.972401687444404195e-02
1.232242875230919223e-02
1.764528316065567398e-02
1.099379192873587915e-02
1.036198747459994053e-02
1.111511812075860473e-02
8.991890516660360974e-03
6.648455368874765965e-03
-7.018517300859870162e-03
1.288652216235986955e-03
1.073848408299055320e-02
2.022702024033473656e-02
6.067658309646318214e-03
1.312022980681618739e-02
-6.780415328254307990e-03
-7.577985503018008946e-03
-1.417940195318437985e-04
9.690921305999772306e-03
1.185060990218311273e-02
1.154850140029722166e-02
1.492019328794319533e-02
-4.766577797166060733e-03
1.913225341522978296e-02
1.516695183989692948e-02
-9.780080150100997627e-07
1.260509824234182230e-02
3.484448451732577792e-03
1.333746970241812824e-02
-3.078964841793429674e-03
4.944743684958095159e-03
1.741298590706003707e-02
1.030934035688042469e-02
1.151815672655514058e-02
-1.078386853788769646e-02
-1.149863554517641800e-02
-2.645096479236378438e-03
-1.010696790764581410e-02
-4.849525104263858327e-03
1.190146039782496307e-02
1.209626979032910055e-02
1.507689235236312972e-02
7.439385272064060264e-03
-7.422949397692458692e-03
1.122343240000861671e-02
-1.066597192023731669e-02
-8.922418258939419922e-04
8.186497531843998574e-03
1.519136942457188603e-03
1.084780135297183298e-02
1.176734873603120859e-02
1.537813042275636317e-02
8.224898677145433060e-03
-8.257443954868110524e-04
-3.437549419151865807e-03
3.586175668941750123e-03
-6.609958193303576250e-03
9.063849881064185710e-03
-5.410049988587876599e-04
8.854898007088116488e-03
-3.056711249409260322e-03
3.340697800809019034e-03
-9.260818386523412757e-03
1.913591724322142489e-03
1.647282989919673056e-04
1.194438819490195071e-02
3.556352414998839150e-03
-8.230866304376666109e-03
4.186519723514671443e-03
-3.856418060593024000e-03
-3.470012166131157191e-03
9.899502634618732692e-04
-1.100349728943168792e-02
8.087347619900691481e-03
-5.442741571223786660e-04
-6.084945884301042572e-03
5.763605280227760037e-03
-1.320995654754889351e-02
2.296856392282848464e-03
4.182067460534107410e-04
-1.075757482442637677e-02
-6.994383361717274039e-03
1.473087060300438608e-02
-9.927833486592102172e-03
4.401382015418732821e-03
1.780209542884447944e-04
1.798431632966082400e-03
-1.729119634721104984e-03
6.920666572745339667e-03
-5.181078451927959884e-03
1.335299958658587791e-02
-6.994540426252056700e-03
1.353054103226047737e-02
-4.580118468329367684e-03
-2.014391100144857609e-03
2.744170681638602102e-03
9.776192317636277912e-03
4.486416287370832007e-03
-8.834612729230207837e-03
6.124999657756223514e-03
-1.146823988099543098e-02
-9.053498593303932127e-03
1.162612363041673480e-02
1.342610707140185627e-02
4.109165582016910054e-03
1.523603269816914234e-02
4.040245225770063703e-03
6.927928847595531819e-03
-3.601325799940144779e-03
9.025934758432038740e-03
1.236635319843023759e-02
-1.449478548869481340e-02
5.619240264426139143e-03
-1.265867158329825153e-02
-5.625254297605817265e-03
-1.131104681192251875e-02
3.333807109988189393e-03
-1.344657834482093639e-02
-6.918022516125619040e-03
-7.769319045752818426e-03
1.282164901763079186e-02
1.278651480348855750e-02
2.620192763765906668e-04
-1.383314211662464537e-02
-4.552798333432574347e-03
4.237591798752682673e-03
1.481482468003980646e-02
1.317229079918094681e-02
5.288813102303487577e-03
4.861211115846236080e-03
-1.430625638658409096e-02
-6.257068642424130564e-03
5.311940218698849416e-04
-4.049283162284269448e-04
1.109754655327005804e-02
4.715667754580887133e-03
2.163442118817546743e-03
-9.692972053470654339e-03
-6.530415915780494974e-04
-1.471309669259007226e-02
-8.157961475304587387e-03
2.723777162194131532e-03
1.092311629208029405e-02
-1.183860186963053233e-03
-5.504337104362811567e-03
-4.893266614777897275e-03
1.455190928790463939e-02
-6.195955551232001403e-03
-1.247054584130000317e-02
3.515919195702718082e-03
-8.611137432860243787e-03
1.346286682811748819e-02
4.355619060440782397e-03
1.720506556865465317e-03
-1.385988234426826192e-02
-1.066894315772183056e-02
1.092233833603805000e-02
-4.253954986431870327e-04
5.711791767482848024e-03
-8.480074472436354566e-03
2.611517030568048358e-03
4.796056713948167009e-03
8.312083106114153330e-04
1.284836966170557065e-02
-6.219564877371620143e-03
7.955051755551010087e-03
-8.366380501429182548e-03
-1.017348726316408963e-02
1.569072064579138826e-03
-3.962263367966042775e-03
-1.114516043625242946e-02
3.970175292873155790e-04
8.602900117006075098e-03
-6.080955277161088218e-03
9.572371355156605172e-03
-4.426968373460031872e-03
-5.137978081261177984e-03
-1.059500996993719205e-02
1.053736467709392478e-02
2.264534627624178661e-03
-6.899703301063683835e-04
-1.346344746240640648e-02
1.152234010681392473e-02
1.397699379161319692e-02
5.780839491929775850e-03
9.221451639645550369e-03
-1.274013175794361935e-02
-1.402846140930696234e-02
1.221437582022883925e-02
-6.401321420344192360e-03
-9.511479902348603591e-03
4.902671355724419477e-03
-8.018865793398765110e-03
-1.191422840771064022e-02
1.392464580785187679e-02
-9.910568224502418200e-03
-8.449200975594445967e-03
-1.490304842017235037e-02
5.315667318366550619e-03
-1.453946643680643046e-02
-1.390440328599644622e-02
8.321498851801249416e-03
-1.146074836060672307e-02
1.246091677630547893e-02
1.286604265053030959e-02
