1.103557112593692935e+00
3.927025508873422943e-01
3.619988731060210796e-01
2.794568097336898482e+00
1.921118660302506997e+00
1.571579527285245304e+00
2.793577296901479379e+00
2.914511670051965986e+00
4.674948931816123476e+00
3.898416880799370876e+00
4.459017569291559013e+00
4.789105599040276218e+00
5.280759510163933079e+00
3.978948659266685617e+00
5.616219958841540461e+00
6.711389044833795836e+00
7.145317229896743783e+00
6.364719650923322369e+00
7.644781542171505961e+00
7.166247477307915226e+00
8.614944841256990671e+00
7.574124496514596849e+00
9.163574512051955168e+00
7.470469658163899851e+00
9.850653143552197122e+00
9.457747071807872885e+00
7.843202396839906498e+00
1.046294825223997904e+01
1.006768287599992284e+01
8.618871396924797423e+00
