0.000000000000000000e+00
2.506265664160400972e-04
5.012531328320801944e-04
7.518796992481203458e-04
1.002506265664160389e-03
1.253132832080200432e-03
1.503759398496240692e-03
1.754385964912280734e-03
2.005012531328320777e-03
2.255639097744361037e-03
2.506265664160400863e-03
2.756892230576441123e-03
3.007518796992481383e-03
3.258145363408521209e-03
3.508771929824561469e-03
3.759398496240601295e-03
4.010025062656641555e-03
4.260651629072681815e-03
4.511278195488722075e-03
4.761904761904761467e-03
5.012531328320801727e-03
5.263157894736841987e-03
5.513784461152882246e-03
5.764411027568922506e-03
6.015037593984962766e-03
6.265664160401002158e-03
6.516290726817042418e-03
6.766917293233082678e-03
7.017543859649122938e-03
7.268170426065163198e-03
7.518796992481202590e-03
7.769423558897242850e-03
8.020050125313283110e-03
8.270676691729322502e-03
8.521303258145363629e-03
8.771929824561403022e-03
9.022556390977444149e-03
9.273182957393483541e-03
9.523809523809522934e-03
9.774436090225564061e-03
1.002506265664160345e-02
1.027568922305764458e-02
1.052631578947368397e-02
1.077694235588972337e-02
1.102756892230576449e-02
1.127819548872180389e-02
1.152882205513784501e-02
1.177944862155388440e-02
1.203007518796992553e-02
1.228070175438596492e-02
1.253132832080200432e-02
1.278195488721804544e-02
1.303258145363408484e-02
1.328320802005012596e-02
1.353383458646616536e-02
1.378446115288220475e-02
1.403508771929824588e-02
1.428571428571428527e-02
1.453634085213032640e-02
1.478696741854636579e-02
1.503759398496240518e-02
1.528822055137844631e-02
1.553884711779448570e-02
1.578947368421052683e-02
1.604010025062656622e-02
1.629072681704260561e-02
1.654135338345864500e-02
1.679197994987468787e-02
1.704260651629072726e-02
1.729323308270676665e-02
1.754385964912280604e-02
1.779448621553884544e-02
1.804511278195488830e-02
1.829573934837092769e-02
1.854636591478696708e-02
1.879699248120300648e-02
1.904761904761904587e-02
1.929824561403508873e-02
1.954887218045112812e-02
1.979949874686716751e-02
2.005012531328320691e-02
2.030075187969924630e-02
2.055137844611528916e-02
2.080200501253132855e-02
2.105263157894736795e-02
2.130325814536340734e-02
2.155388471177944673e-02
2.180451127819548959e-02
2.205513784461152899e-02
2.230576441102756838e-02
2.255639097744360777e-02
2.280701754385964716e-02
2.305764411027569002e-02
2.330827067669172942e-02
2.355889724310776881e-02
2.380952380952380820e-02
2.406015037593985106e-02
2.431077694235589046e-02
2.456140350877192985e-02
2.481203007518796924e-02
2.506265664160400863e-02
2.531328320802005150e-02
2.556390977443609089e-02
2.581453634085213028e-02
2.606516290726816967e-02
2.631578947368420907e-02
2.656641604010025193e-02
2.681704260651629132e-02
2.706766917293233071e-02
2.731829573934837010e-02
2.756892230576440950e-02
2.781954887218045236e-02
2.807017543859649175e-02
2.832080200501253114e-02
2.857142857142857054e-02
2.882205513784460993e-02
2.907268170426065279e-02
2.932330827067669218e-02
2.957393483709273158e-02
2.982456140350877097e-02
3.007518796992481036e-02
3.032581453634085322e-02
3.057644110275689261e-02
3.082706766917293201e-02
3.107769423558897140e-02
3.132832080200501079e-02
3.157894736842105365e-02
3.182957393483708958e-02
3.208020050125313244e-02
3.233082706766917530e-02
3.258145363408521122e-02
3.283208020050125409e-02
3.308270676691729001e-02
3.333333333333333287e-02
3.358395989974937573e-02
3.383458646616541166e-02
3.408521303258145452e-02
3.433583959899749044e-02
3.458646616541353330e-02
3.483709273182957616e-02
3.508771929824561209e-02
3.533834586466165495e-02
3.558897243107769087e-02
3.583959899749373373e-02
3.609022556390977660e-02
3.634085213032581252e-02
3.659147869674185538e-02
3.684210526315789130e-02
3.709273182957393417e-02
3.734335839598997703e-02
3.759398496240601295e-02
3.784461152882205581e-02
3.809523809523809174e-02
3.834586466165413460e-02
3.859649122807017746e-02
3.884711779448621338e-02
3.909774436090225624e-02
3.934837092731829217e-02
3.959899749373433503e-02
3.984962406015037789e-02
4.010025062656641381e-02
4.035087719298245668e-02
4.060150375939849260e-02
4.085213032581453546e-02
4.110275689223057832e-02
4.135338345864661425e-02
4.160401002506265711e-02
4.185463659147869303e-02
4.210526315789473589e-02
4.235588972431077875e-02
4.260651629072681468e-02
4.285714285714285754e-02
4.310776942355889346e-02
4.335839598997493632e-02
4.360902255639097919e-02
4.385964912280701511e-02
4.411027568922305797e-02
4.436090225563909389e-02
4.461152882205513676e-02
4.486215538847117962e-02
4.511278195488721554e-02
4.536340852130325840e-02
4.561403508771929433e-02
4.586466165413533719e-02
4.611528822055138005e-02
4.636591478696741597e-02
4.661654135338345883e-02
4.686716791979949476e-02
4.711779448621553762e-02
4.736842105263158048e-02
4.761904761904761640e-02
4.786967418546365927e-02
4.812030075187970213e-02
4.837092731829573805e-02
4.862155388471178091e-02
4.887218045112781684e-02
4.912280701754385970e-02
4.937343358395990256e-02
4.962406015037593848e-02
4.987468671679198134e-02
5.012531328320801727e-02
5.037593984962406013e-02
5.062656641604010299e-02
5.087719298245613891e-02
5.112781954887218178e-02
5.137844611528821770e-02
5.162907268170426056e-02
5.187969924812030342e-02
5.213032581453633935e-02
5.238095238095238221e-02
5.263157894736841813e-02
5.288220551378446099e-02
5.313283208020050385e-02
5.338345864661653978e-02
5.363408521303258264e-02
5.388471177944861856e-02
5.413533834586466142e-02
5.438596491228070429e-02
5.463659147869674021e-02
5.488721804511278307e-02
5.513784461152881899e-02
5.538847117794486186e-02
5.563909774436090472e-02
5.588972431077694064e-02
5.614035087719298350e-02
5.639097744360901943e-02
5.664160401002506229e-02
5.689223057644110515e-02
5.714285714285714107e-02
5.739348370927318393e-02
5.764411027568921986e-02
5.789473684210526272e-02
5.814536340852130558e-02
5.839598997493734150e-02
5.864661654135338437e-02
5.889724310776942029e-02
5.914786967418546315e-02
5.939849624060150601e-02
5.964912280701754194e-02
5.989974937343358480e-02
6.015037593984962072e-02
6.040100250626566358e-02
6.065162907268170644e-02
6.090225563909774237e-02
6.115288220551378523e-02
6.140350877192982115e-02
6.165413533834586401e-02
6.190476190476190688e-02
6.215538847117794280e-02
6.240601503759398566e-02
6.265664160401002158e-02
6.290726817042606445e-02
6.315789473684210731e-02
6.340852130325815017e-02
6.365914786967417915e-02
6.390977443609022202e-02
6.416040100250626488e-02
6.441102756892230774e-02
6.466165413533835060e-02
6.491228070175437959e-02
6.516290726817042245e-02
6.541353383458646531e-02
6.566416040100250817e-02
6.591478696741855103e-02
6.616541353383458002e-02
6.641604010025062288e-02
6.666666666666666574e-02
6.691729323308270860e-02
6.716791979949875147e-02
6.741854636591478045e-02
6.766917293233082331e-02
6.791979949874686617e-02
6.817042606516290904e-02
6.842105263157895190e-02
6.867167919799498088e-02
6.892230576441102374e-02
6.917293233082706660e-02
6.942355889724310947e-02
6.967418546365915233e-02
6.992481203007518131e-02
7.017543859649122417e-02
7.042606516290726704e-02
7.067669172932330990e-02
7.092731829573935276e-02
7.117794486215538174e-02
7.142857142857142461e-02
7.167919799498746747e-02
7.192982456140351033e-02
7.218045112781955319e-02
7.243107769423558218e-02
7.268170426065162504e-02
7.293233082706766790e-02
7.318295739348371076e-02
7.343358395989975362e-02
7.368421052631578261e-02
7.393483709273182547e-02
7.418546365914786833e-02
7.443609022556391119e-02
7.468671679197995406e-02
7.493734335839598304e-02
7.518796992481202590e-02
7.543859649122806876e-02
7.568922305764411163e-02
7.593984962406015449e-02
7.619047619047618347e-02
7.644110275689222633e-02
7.669172932330826920e-02
7.694235588972431206e-02
7.719298245614035492e-02
7.744360902255638390e-02
7.769423558897242676e-02
7.794486215538846963e-02
7.819548872180451249e-02
7.844611528822055535e-02
7.869674185463658433e-02
7.894736842105262720e-02
7.919799498746867006e-02
7.944862155388471292e-02
7.969924812030075578e-02
7.994987468671678477e-02
8.020050125313282763e-02
8.045112781954887049e-02
8.070175438596491335e-02
8.095238095238095621e-02
8.120300751879698520e-02
8.145363408521302806e-02
8.170426065162907092e-02
8.195488721804511378e-02
8.220551378446115665e-02
8.245614035087718563e-02
8.270676691729322849e-02
8.295739348370927135e-02
8.320802005012531422e-02
8.345864661654135708e-02
8.370927318295738606e-02
8.395989974937342892e-02
8.421052631578947179e-02
8.446115288220551465e-02
8.471177944862155751e-02
8.496240601503758649e-02
8.521303258145362935e-02
8.546365914786967222e-02
8.571428571428571508e-02
8.596491228070175794e-02
8.621553884711778692e-02
8.646616541353382979e-02
8.671679197994987265e-02
8.696741854636591551e-02
8.721804511278195837e-02
8.746867167919798736e-02
8.771929824561403022e-02
8.796992481203007308e-02
8.822055137844611594e-02
8.847117794486215880e-02
8.872180451127818779e-02
8.897243107769423065e-02
8.922305764411027351e-02
8.947368421052631637e-02
8.972431077694235924e-02
8.997493734335838822e-02
9.022556390977443108e-02
9.047619047619047394e-02
9.072681704260651681e-02
9.097744360902255967e-02
9.122807017543858865e-02
9.147869674185463151e-02
9.172932330827067438e-02
9.197994987468671724e-02
9.223057644110276010e-02
9.248120300751878908e-02
9.273182957393483195e-02
9.298245614035087481e-02
9.323308270676691767e-02
9.348370927318296053e-02
9.373433583959898951e-02
9.398496240601503238e-02
9.423558897243107524e-02
9.448621553884711810e-02
9.473684210526316096e-02
9.498746867167918995e-02
9.523809523809523281e-02
9.548872180451127567e-02
9.573934837092731853e-02
9.598997493734336139e-02
9.624060150375940426e-02
9.649122807017543324e-02
9.674185463659147610e-02
9.699248120300751896e-02
9.724310776942356183e-02
9.749373433583960469e-02
9.774436090225563367e-02
9.799498746867167653e-02
9.824561403508771940e-02
9.849624060150376226e-02
9.874686716791980512e-02
9.899749373433583410e-02
9.924812030075187697e-02
9.949874686716791983e-02
9.974937343358396269e-02
1.000000000000000056e-01
