4.418827753214742415e-01
1.583188068674304949e+00
1.890863689820865723e+00
1.273895812540468242e+00
7.494458845141727110e-02
2.134105144736437865e+00
1.833253965013278419e+00
2.317050784038391598e+00
3.446648523320794411e-02
2.361294592069019593e+00
2.684514204899065337e+00
2.752409211884138784e+00
2.535966758617843375e+00
2.396447941712334995e+00
4.123697695198053736e+00
5.352601572728545420e+00
4.635984159914141145e+00
3.788365860019575315e+00
6.470565463370217429e+00
3.345438498189007070e+00
6.009845935040514675e+00
5.103020607117522367e+00
5.522421189267124220e+00
6.730378181503176904e+00
6.668633369191301341e+00
5.660259025775233432e+00
7.868556773900195367e+00
4.894527087231439921e+00
7.228197736156099396e+00
8.122243624041558974e+00
5.628247285045256731e+00
8.155149636787861311e+00
8.957533683662932233e+00
7.772615926306361445e+00
8.621843339644410520e+00
8.278511692383279552e+00
1.045398924491323456e+01
1.021915843252149614e+01
8.137868348861863055e+00
1.121142676957765438e+01
1.110191350810071675e+01
1.038705785739037779e+01
9.352430758104299358e+00
8.954349806750050433e+00
1.291153141809141935e+01
1.094426010624052914e+01
1.315771829513045610e+01
1.187374667631083014e+01
1.071455131708299824e+01
1.390824186558755926e+01
1.283549997042564961e+01
1.215305945399588339e+01
1.454869834336407486e+01
1.283547841275120760e+01
1.290499157015795006e+01
1.536782180788364016e+01
1.326252698946632336e+01
1.424740662841192851e+01
1.262438800787465354e+01
1.483394028668217501e+01
1.551651335856058722e+01
1.436109900218205304e+01
1.515128600146766047e+01
1.645155619806264724e+01
1.743525313267745247e+01
1.510112988763160757e+01
1.561639118701828188e+01
1.695593729689091589e+01
1.780861868550231364e+01
1.592152052850161681e+01
1.908786837283584958e+01
1.947701505774095665e+01
1.794914213104458156e+01
1.692080182206466432e+01
1.970972668386799853e+01
1.761258376942106807e+01
1.995728528556134407e+01
2.078610121504454256e+01
2.067282951819577264e+01
1.927786461448203781e+01
1.846223351899859466e+01
1.974856797645819029e+01
2.090115929986241383e+01
2.131467314871390428e+01
1.939733098624348173e+01
2.087136033256031453e+01
2.147652915547765673e+01
2.051583765765334277e+01
2.368529428262742798e+01
2.049267613758253859e+01
2.285487579635505995e+01
2.328852851481216035e+01
2.349320846899959392e+01
2.522398920657700216e+01
2.468132925583871184e+01
2.357319128167410582e+01
2.303100733854766347e+01
2.307391596896252040e+01
2.436961806883083881e+01
2.332042331957631731e+01
2.363087808034406834e+01
2.702876539834205261e+01
2.582726223556866429e+01
2.777678855289295257e+01
2.469993751066873244e+01
2.450794982842514713e+01
2.558281674767160396e+01
2.721921524317172469e+01
2.711713185589516328e+01
2.559521436906497271e+01
2.678730104445372007e+01
2.622949862809618793e+01
2.867513096326590727e+01
2.869429465210138730e+01
2.940479110036590882e+01
2.792196120454626751e+01
3.106350040285973790e+01
2.890109635205299554e+01
3.064551018864315779e+01
2.860254943850002007e+01
3.100879313786992242e+01
3.194168242798016166e+01
3.223535683321406964e+01
2.963374560659684676e+01
3.026152388870094612e+01
3.308564390602919758e+01
3.030286614147323832e+01
3.103294553368254327e+01
3.310396531138407994e+01
3.084115184861977710e+01
3.193317594000059501e+01
3.242766774828292142e+01
3.470607943249366656e+01
3.214744745369308987e+01
3.323507341412556571e+01
3.535018888590931141e+01
3.258987006663804209e+01
3.530503374957979901e+01
3.571756241683719679e+01
3.300501052315228634e+01
3.703454158115631856e+01
3.493647061879758553e+01
3.739476604903708079e+01
3.564536134408032808e+01
3.559879942968371580e+01
3.792181128702834769e+01
3.704385475749720058e+01
3.656532096021023648e+01
3.584731496097464998e+01
3.807873917466021396e+01
3.633792022311413206e+01
3.932019168435551393e+01
3.633208148179803487e+01
3.707118947461492553e+01
3.766187372986458115e+01
3.976815691850781320e+01
4.020382673668756013e+01
3.865013566136474310e+01
3.886348773954398439e+01
4.041319525403893920e+01
4.008713085081001282e+01
4.062943114486394336e+01
4.101407867021824671e+01
4.186554737251855585e+01
4.080413237311728381e+01
3.983972724117769104e+01
4.269299324808117291e+01
4.070337764526575342e+01
4.082861520334379435e+01
4.409595939717677737e+01
4.096466558732497276e+01
4.380389148905599228e+01
4.218890643688913400e+01
4.245261892403187431e+01
4.375503610369274554e+01
4.508581310166439948e+01
4.413006643707070253e+01
4.277247952418007060e+01
4.333114675122593695e+01
4.388764140457902840e+01
4.402628225522570915e+01
4.712036554514008913e+01
4.594961405352139394e+01
4.666629416623725746e+01
4.802999275438828874e+01
4.747523680031959259e+01
4.702710891101551738e+01
4.544879764477280304e+01
4.712129726007576380e+01
4.651292287326650410e+01
4.674324599867284036e+01
4.945696302972285707e+01
4.685611004965885229e+01
4.782430908264225167e+01
4.667522336040974551e+01
5.036454786790329763e+01
4.847029754539600077e+01
5.032622004150904615e+01
4.965707114981098869e+01
4.961267045384601460e+01
5.150175577422683659e+01
4.893907219375466866e+01
5.127270674731893507e+01
5.065854629755357763e+01
4.924783351426873423e+01
4.956213742904412101e+01
5.324216456368597505e+01
5.180788735642710208e+01
5.122653117590557059e+01
5.112897173304524756e+01
5.307807536253591252e+01
5.236098064650503403e+01
5.327950486784911988e+01
5.250839508396118305e+01
5.545611130898526397e+01
5.583965875781989041e+01
5.356627028518821021e+01
5.512129978985068846e+01
5.540913005511881551e+01
5.673117958187326337e+01
5.422513331729756914e+01
5.372783697416856086e+01
5.539093925856193579e+01
5.591420672990131635e+01
5.670273950383682404e+01
5.458441667161486777e+01
5.573457878639615615e+01
5.717605936553113111e+01
5.623800655744362587e+01
5.819052543407698863e+01
5.608652049937809636e+01
5.677886255516821734e+01
5.938538279019488186e+01
5.678178559422001825e+01
5.921973108870326286e+01
5.885998842555759580e+01
5.758367258501093033e+01
5.831567178169739663e+01
5.882222663308996857e+01
6.173130392883290796e+01
6.014234596878053196e+01
5.863258670960967578e+01
6.243476330803524377e+01
6.246792098324669951e+01
6.078294229482875721e+01
6.073478850623821756e+01
6.028740137193023685e+01
6.356924490697804941e+01
6.041728596141611973e+01
6.277252030961794560e+01
6.367243383535952717e+01
6.223103501131895143e+01
6.283641045068684150e+01
6.205507578984720851e+01
6.255693127083509353e+01
6.273730211163538684e+01
6.472182759567046162e+01
6.423232530079857838e+01
6.640966314808207471e+01
6.506489690518168345e+01
6.689033593706204783e+01
6.367086247811390365e+01
6.565280677188751213e+01
6.510540085636930030e+01
6.648918672993620760e+01
6.764274387579192194e+01
6.660684580344106109e+01
6.579543033362064364e+01
6.662507566807221338e+01
6.665321386235004297e+01
6.607837301909569305e+01
6.903396430410496976e+01
6.671026788876552871e+01
6.868276414321059065e+01
6.825388104913686504e+01
6.922391474689928259e+01
6.724169845719971761e+01
6.954590493505142490e+01
6.894586399059438975e+01
6.862355090062463603e+01
6.872123056871981817e+01
7.203095478454342526e+01
6.990171148440883542e+01
6.906230259585971964e+01
7.072620867811110656e+01
6.997516108090378850e+01
7.352657538671769544e+01
7.385241706162582886e+01
7.214392521365118682e+01
7.338463064079547848e+01
7.290232736344901809e+01
7.289118946526738796e+01
7.490535511380394951e+01
7.477319272455089560e+01
7.394827212959272345e+01
7.539394956021415339e+01
7.576928898915772947e+01
7.290399680403197635e+01
7.436970835241481836e+01
7.604905318227328337e+01
7.387486453630418737e+01
7.494408510531968659e+01
7.543504574020602149e+01
7.725191431271721854e+01
7.687259487016677895e+01
7.553075499667693293e+01
7.822929083953326312e+01
7.660787454733608115e+01
7.864236966208628132e+01
7.700359052935347393e+01
7.867802844919326333e+01
7.651757512697422214e+01
7.890115197019456161e+01
7.848763360158318392e+01
7.763172704990546436e+01
7.882058759214805832e+01
8.096047973427241118e+01
8.079491448925422503e+01
8.087830782218276227e+01
8.100462957333259340e+01
7.856390955801975906e+01
8.095649876324399941e+01
7.908998946213573333e+01
8.196701592301292294e+01
8.078355802048979228e+01
8.256250739847664022e+01
8.285066613185809103e+01
8.168627589990937565e+01
8.205549123075766715e+01
8.080925764488949881e+01
8.443249904938352302e+01
8.452837086183338045e+01
8.378075409816855768e+01
8.312565856062259684e+01
8.538677836697230816e+01
8.230533730975710682e+01
8.385088333596650045e+01
8.591872664106455204e+01
8.557493814149606237e+01
8.572138190344830377e+01
8.649760670817902053e+01
8.548342338381438310e+01
8.568678335468628404e+01
8.700983932892994233e+01
8.647823345709318232e+01
8.643119233980088723e+01
8.615076698075661454e+01
8.884813496531263866e+01
8.573808194535905614e+01
8.718745525068318614e+01
8.689499589584484340e+01
8.960476776398792254e+01
8.975921254702586793e+01
8.720687650349742626e+01
8.927268156576656111e+01
8.728383994723476746e+01
8.794278527148483704e+01
8.937479535793686125e+01
9.109884908991151065e+01
9.144857430725137704e+01
8.844388122983340850e+01
8.998509141192211302e+01
9.041056337437856882e+01
8.900477119662008363e+01
9.151095100156423712e+01
9.316363340125404591e+01
9.165264745409518810e+01
9.284727488453459898e+01
9.267814614506627890e+01
9.173821637625306380e+01
9.451703436202946307e+01
9.342238481170423370e+01
9.281076993338209036e+01
9.218568106638451809e+01
9.405307753829724504e+01
9.488916821645726429e+01
9.448857771965803920e+01
9.546289177810683668e+01
9.347335752152827126e+01
9.355831419934513349e+01
9.517465167697537254e+01
9.429692897708740418e+01
9.707544824106474834e+01
9.403534259499197390e+01
9.772144772727681072e+01
9.486259914243102287e+01
9.864308577322623250e+01
9.803665618511692514e+01
9.773383214318823775e+01
9.660970970002799163e+01
9.953617614931062008e+01
9.893618804100705688e+01
9.769793981113650716e+01
1.002103550570427331e+02
9.995406839799009902e+01
9.736897319201439416e+01
9.739963560418544830e+01
9.951763088026665116e+01
1.000738740887192790e+02
1.015613118247347444e+02
