4.933575737849741349e-01
8.277742306509597858e-01
3.400679857575710230e-01
5.749487043376900752e-01
4.034665166207861420e-01
2.522800083468282883e-01
1.762634151727787701e-01
1.217393610811922100e-01
5.070746296320242097e-01
1.692864933574805830e-01
1.809860554130858779e-01
8.838067391236725800e-01
8.338788442457495398e-01
6.147722106468552772e-01
2.854033650038174663e-01
8.259798994064682098e-02
2.515792885893262110e-01
1.599638432279819611e-01
6.650485881212940820e-01
2.243143169369172796e-01
5.900147377214820521e-01
8.039781234785775554e-01
5.116220070348768134e-01
2.997381900138287314e-01
5.403465923941508375e-02
3.858186208499450043e-01
9.072645793262168468e-02
9.427553827516153007e-01
6.435128036446713384e-02
6.767952362811651135e-01
